25798713,5,9
25799164,5,9
25799195,5,9
25722345,5,9
25776295,5,9
25776313,5,9
25776401,5,9
25776309,5,9
25806808,5,9
25776525,5,9
25722334,5,9
25722370,5,9
25731663,5,9
25731675,5,9
25735164,5,9
25735165,5,9
25735166,5,9
25744488,5,9
25744511,5,9
25807291,5,9
25749680,5,9
25776411,5,9
25751101,5,9
25776376,5,9
25776840,5,9
25758152,5,9
25776072,5,9
25779965,5,9
25779976,5,9
25784148,5,9
25799074,5,9
25799548,5,9
25801983,5,9
25803342,5,9
25717915,5,9
25738207,5,9
25735147,5,9
25717431,5,9
25717447,5,9
25717460,5,9
25722498,5,9
25722578,5,9
25726254,5,9
25726263,5,9
25726270,5,9
25726282,5,9
25726287,5,9
26081617,5,9
25733811,5,9
25733847,5,9
25733885,5,9
25733899,5,9
25734464,5,9
25734484,5,9
25734497,5,9
25735152,5,9
25735216,5,9
25735411,5,9
25735441,5,9
25738571,5,9
25776334,5,9
25776531,5,9
25776340,5,9
25776449,5,9
25776463,5,9
25776573,5,9
25779068,5,9
25779183,5,9
25779531,5,9
25787106,5,9
25787621,5,9
25803335,5,9
25807024,5,9
25895116,5,9
25895125,5,9
25942800,5,9
26125798,5,9
26126140,5,9
25726877,5,9
25726889,5,9
25726894,5,9
25735139,5,9
25787129,5,9
25727062,9,9
25727070,9,9
25727077,9,9
25727095,9,9
25727099,9,9
25727105,9,9
25731638,9,9
25731641,9,9
25731648,9,9
25733789,9,9
25733721,9,9
25733700,9,9
25733832,5,9
25733894,9,9
25733881,9,9
25733801,9,9
25733818,9,9
25733898,9,9
25733907,9,9
25733921,9,9
25733948,9,9
25733952,9,9
25734319,9,9
25734322,9,9
25734324,9,9
25734326,9,9
25733135,9,9
25733561,9,9
25733567,9,9
25734403,9,9
25734405,9,9
25734406,5,9
25734408,5,9
25734409,9,9
25734417,9,9
25734437,9,9
25734445,9,9
25734447,9,9
25734450,5,9
25734455,9,9
25735394,9,9
25735396,9,9
25735400,9,9
25735141,9,9
25735144,9,9
25735143,9,9
25735134,9,9
25735138,9,9
25735321,9,9
25735349,9,9
25735357,9,9
25735362,9,9
25733908,5,9
25734397,9,9
25734443,9,9
25738041,9,9
25734492,9,9
25735258,9,9
25735322,9,9
25735368,9,9
25735388,9,9
25735408,9,9
25735418,9,9
25735419,9,9
25735421,9,9
25735422,9,9
25735442,9,9
25735458,9,9
25738083,9,9
25738091,9,9
25738092,9,9
25738057,9,9
25738060,9,9
25738569,9,9
25738576,9,9
25738585,9,9
25738600,9,9
25713516,9,9
25713521,9,9
25713530,9,9
25739600,9,9
25713524,9,9
25740278,9,9
25740314,9,9
25740316,9,9
25740507,9,9
25776339,9,9
25733930,5,9
25735218,5,9
25735219,5,9
25735243,9,9
25735277,9,9
25735279,9,9
25735314,9,9
25735356,9,9
25735365,9,9
25738108,9,9
25738157,9,9
25738191,9,9
25738197,9,9
25740389,9,9
25754990,9,9
25776603,5,9
25776615,5,9
25776625,5,9
25776626,5,9
25776821,5,9
25776638,5,9
25811299,5,9
26082018,9,9
25894870,5,9
25914938,5,9
26055684,5,9
26055688,5,9
26055809,5,9
26058561,9,9
26058562,9,9
26067273,9,9
26067650,9,9
26067653,9,9
26067655,5,9
26067657,9,9
26067658,9,9
26067660,9,9
26067661,9,9
26067720,9,9
26067722,9,9
26067729,9,9
26067734,9,9
26067740,9,9
26070606,9,9
26070611,9,9
26072189,9,9
26072196,5,9
26072198,9,9
26072201,9,9
26073902,9,9
26073907,9,9
26074039,9,9
26077940,5,9
26078273,9,9
26082730,9,9
26082766,9,9
26082788,9,9
26082803,9,9
26082937,9,9
26082945,9,9
26125762,5,9
26125775,5,9
26125844,5,9
26126111,5,9
26129091,5,9
26129089,5,9
26129546,5,9
26081609,9,9
26081836,5,9
26082010,9,9
26083106,9,9
26083109,9,9